-5.026594630747968,-7.5072590436697455,-0.892205918539966
-5.026594630747968,-7.5072590436697455,2.6776726423349717
-5.026594630747968,-7.5072590436697455,6.247551203209909
-6.156507564631866,-5.5501933465361395,-4.462084479414903
-6.156507564631866,-5.5501933465361395,-0.892205918539966
-6.156507564631866,-5.5501933465361395,2.6776726423349717
-6.156507564631866,-5.5501933465361395,6.247551203209909
-7.286420498515765,-3.593127649402533,-4.462084479414903
-7.286420498515765,-3.593127649402533,-0.892205918539966
-7.286420498515765,-3.593127649402533,2.6776726423349717
-7.286420498515765,-3.593127649402533,6.247551203209909
-8.416333432399663,-1.6360619522689264,-4.462084479414903
-8.416333432399663,-1.6360619522689264,-0.892205918539966
-8.416333432399663,-1.6360619522689264,2.6776726423349717
-8.416333432399663,-1.6360619522689264,6.247551203209909
-9.546246366283562,0.32100374486468003,-4.462084479414903
-9.546246366283562,0.32100374486468003,-0.892205918539966
-9.546246366283562,0.32100374486468003,2.6776726423349717
-9.546246366283562,0.32100374486468003,6.247551203209909
-10.67615930016746,2.2780694419982863,-0.892205918539966
-10.67615930016746,2.2780694419982863,2.6776726423349717
-10.67615930016746,2.2780694419982863,6.247551203209909
-1.636855829096273,-9.464324740803352,-0.892205918539966
-1.636855829096273,-9.464324740803352,2.6776726423349717
-1.636855829096273,-9.464324740803352,6.247551203209909
-2.7667687629801714,-7.5072590436697455,-4.462084479414903
-2.7667687629801714,-7.5072590436697455,-0.892205918539966
-2.7667687629801714,-7.5072590436697455,2.6776726423349717
-2.7667687629801714,-7.5072590436697455,6.247551203209909
-3.8966816968640696,-5.5501933465361395,-4.462084479414903
-3.8966816968640696,-5.5501933465361395,-0.892205918539966
-3.8966816968640696,-5.5501933465361395,2.6776726423349717
-3.8966816968640696,-5.5501933465361395,6.247551203209909
-5.026594630747969,-3.593127649402533,-4.462084479414903
-5.026594630747969,-3.593127649402533,-0.892205918539966
-5.026594630747969,-3.593127649402533,2.6776726423349717
-5.026594630747969,-3.593127649402533,6.247551203209909
-5.026594630747969,-3.593127649402533,9.817429764084848
-6.156507564631867,-1.6360619522689264,-4.462084479414903
-6.156507564631867,-1.6360619522689264,-0.892205918539966
-6.156507564631867,-1.6360619522689264,2.6776726423349717
-6.156507564631867,-1.6360619522689264,6.247551203209909
-6.156507564631867,-1.6360619522689264,9.817429764084848
-7.286420498515765,0.32100374486468003,-4.462084479414903
-7.286420498515765,0.32100374486468003,-0.892205918539966
-7.286420498515765,0.32100374486468003,2.6776726423349717
-7.286420498515765,0.32100374486468003,6.247551203209909
-7.286420498515765,0.32100374486468003,9.817429764084848
-8.416333432399664,2.2780694419982863,-4.462084479414903
-8.416333432399664,2.2780694419982863,-0.892205918539966
-8.416333432399664,2.2780694419982863,2.6776726423349717
-8.416333432399664,2.2780694419982863,6.247551203209909
-8.416333432399664,2.2780694419982863,9.817429764084848
-9.546246366283562,4.235135139131893,-4.462084479414903
-9.546246366283562,4.235135139131893,-0.892205918539966
-9.546246366283562,4.235135139131893,2.6776726423349717
-9.546246366283562,4.235135139131893,6.247551203209909
0.6229700386715238,-9.464324740803352,-0.892205918539966
0.6229700386715238,-9.464324740803352,2.6776726423349717
0.6229700386715238,-9.464324740803352,6.247551203209909
0.6229700386715238,-9.464324740803352,9.817429764084848
-0.5069428952123747,-7.5072590436697455,-4.462084479414903
-0.5069428952123747,-7.5072590436697455,-0.892205918539966
-0.5069428952123747,-7.5072590436697455,2.6776726423349717
-0.5069428952123747,-7.5072590436697455,6.247551203209909
-0.5069428952123747,-7.5072590436697455,9.817429764084848
-1.636855829096273,-5.5501933465361395,-8.031963040289842
-1.636855829096273,-5.5501933465361395,-4.462084479414903
-1.636855829096273,-5.5501933465361395,-0.892205918539966
-1.636855829096273,-5.5501933465361395,2.6776726423349717
-1.636855829096273,-5.5501933465361395,6.247551203209909
-1.636855829096273,-5.5501933465361395,9.817429764084848
-1.636855829096273,-5.5501933465361395,13.387308324959786
-2.7667687629801723,-3.593127649402533,-8.031963040289842
-2.7667687629801723,-3.593127649402533,-4.462084479414903
-2.7667687629801723,-3.593127649402533,-0.892205918539966
-2.7667687629801723,-3.593127649402533,2.6776726423349717
-2.7667687629801723,-3.593127649402533,6.247551203209909
-2.7667687629801723,-3.593127649402533,9.817429764084848
-2.7667687629801723,-3.593127649402533,13.387308324959786
-3.8966816968640705,-1.6360619522689264,-8.031963040289842
-3.8966816968640705,-1.6360619522689264,-4.462084479414903
-3.8966816968640705,-1.6360619522689264,-0.892205918539966
-3.8966816968640705,-1.6360619522689264,2.6776726423349717
-3.8966816968640705,-1.6360619522689264,6.247551203209909
-3.8966816968640705,-1.6360619522689264,9.817429764084848
-3.8966816968640705,-1.6360619522689264,13.387308324959786
-5.026594630747969,0.32100374486468003,-8.031963040289842
-5.026594630747969,0.32100374486468003,-4.462084479414903
-5.026594630747969,0.32100374486468003,-0.892205918539966
-5.026594630747969,0.32100374486468003,2.6776726423349717
-5.026594630747969,0.32100374486468003,6.247551203209909
-5.026594630747969,0.32100374486468003,9.817429764084848
-6.156507564631867,2.2780694419982863,-8.031963040289842
-6.156507564631867,2.2780694419982863,-4.462084479414903
-6.156507564631867,2.2780694419982863,-0.892205918539966
-6.156507564631867,2.2780694419982863,2.6776726423349717
-6.156507564631867,2.2780694419982863,6.247551203209909
-6.156507564631867,2.2780694419982863,9.817429764084848
-7.286420498515765,4.235135139131893,-4.462084479414903
-7.286420498515765,4.235135139131893,-0.892205918539966
-7.286420498515765,4.235135139131893,2.6776726423349717
-7.286420498515765,4.235135139131893,6.247551203209909
-7.286420498515765,4.235135139131893,9.817429764084848
-8.416333432399664,6.1922008362655,-4.462084479414903
-8.416333432399664,6.1922008362655,-0.892205918539966
-8.416333432399664,6.1922008362655,2.6776726423349717
-8.416333432399664,6.1922008362655,6.247551203209909
2.882795906439321,-9.464324740803352,-0.892205918539966
2.882795906439321,-9.464324740803352,2.6776726423349717
2.882795906439321,-9.464324740803352,6.247551203209909
2.882795906439321,-9.464324740803352,9.817429764084848
1.7528829725554227,-7.5072590436697455,-4.462084479414903
1.7528829725554227,-7.5072590436697455,-0.892205918539966
1.7528829725554227,-7.5072590436697455,2.6776726423349717
1.7528829725554227,-7.5072590436697455,6.247551203209909
1.7528829725554227,-7.5072590436697455,9.817429764084848
0.6229700386715242,-5.5501933465361395,-8.031963040289842
0.6229700386715242,-5.5501933465361395,-4.462084479414903
0.6229700386715242,-5.5501933465361395,-0.892205918539966
0.6229700386715242,-5.5501933465361395,2.6776726423349717
0.6229700386715242,-5.5501933465361395,6.247551203209909
0.6229700386715242,-5.5501933465361395,9.817429764084848
0.6229700386715242,-5.5501933465361395,13.387308324959786
-0.5069428952123742,-3.593127649402533,-8.031963040289842
-0.5069428952123742,-3.593127649402533,-4.462084479414903
-0.5069428952123742,-3.593127649402533,-0.892205918539966
-0.5069428952123742,-3.593127649402533,2.6776726423349717
-0.5069428952123742,-3.593127649402533,6.247551203209909
-0.5069428952123742,-3.593127649402533,9.817429764084848
-0.5069428952123742,-3.593127649402533,13.387308324959786
-1.636855829096273,-1.6360619522689264,-8.031963040289842
-1.636855829096273,-1.6360619522689264,-4.462084479414903
-1.636855829096273,-1.6360619522689264,-0.892205918539966
-1.636855829096273,-1.6360619522689264,2.6776726423349717
-1.636855829096273,-1.6360619522689264,6.247551203209909
-1.636855829096273,-1.6360619522689264,9.817429764084848
-1.636855829096273,-1.6360619522689264,13.387308324959786
-2.7667687629801714,0.32100374486468003,-8.031963040289842
-2.7667687629801714,0.32100374486468003,-4.462084479414903
-2.7667687629801714,0.32100374486468003,-0.892205918539966
-2.7667687629801714,0.32100374486468003,2.6776726423349717
-2.7667687629801714,0.32100374486468003,6.247551203209909
-2.7667687629801714,0.32100374486468003,9.817429764084848
-2.7667687629801714,0.32100374486468003,13.387308324959786
-3.8966816968640696,2.2780694419982863,-8.031963040289842
-3.8966816968640696,2.2780694419982863,-4.462084479414903
-3.8966816968640696,2.2780694419982863,-0.892205918539966
-3.8966816968640696,2.2780694419982863,2.6776726423349717
-3.8966816968640696,2.2780694419982863,6.247551203209909
-3.8966816968640696,2.2780694419982863,9.817429764084848
-3.8966816968640696,2.2780694419982863,13.387308324959786
-5.026594630747969,4.235135139131893,-8.031963040289842
-5.026594630747969,4.235135139131893,-4.462084479414903
-5.026594630747969,4.235135139131893,-0.892205918539966
-5.026594630747969,4.235135139131893,2.6776726423349717
-5.026594630747969,4.235135139131893,6.247551203209909
-5.026594630747969,4.235135139131893,9.817429764084848
-6.156507564631867,6.1922008362655,-4.462084479414903
-6.156507564631867,6.1922008362655,-0.892205918539966
-6.156507564631867,6.1922008362655,2.6776726423349717
-6.156507564631867,6.1922008362655,6.247551203209909
-6.156507564631867,6.1922008362655,9.817429764084848
-7.286420498515765,8.149266533399105,-4.462084479414903
-7.286420498515765,8.149266533399105,-0.892205918539966
-7.286420498515765,8.149266533399105,2.6776726423349717
-7.286420498515765,8.149266533399105,6.247551203209909
5.142621774207118,-9.464324740803352,-0.892205918539966
5.142621774207118,-9.464324740803352,2.6776726423349717
5.142621774207118,-9.464324740803352,6.247551203209909
5.142621774207118,-9.464324740803352,9.817429764084848
4.01270884032322,-7.5072590436697455,-4.462084479414903
4.01270884032322,-7.5072590436697455,-0.892205918539966
4.01270884032322,-7.5072590436697455,2.6776726423349717
4.01270884032322,-7.5072590436697455,6.247551203209909
4.01270884032322,-7.5072590436697455,9.817429764084848
2.882795906439321,-5.5501933465361395,-8.031963040289842
2.882795906439321,-5.5501933465361395,-4.462084479414903
2.882795906439321,-5.5501933465361395,-0.892205918539966
2.882795906439321,-5.5501933465361395,2.6776726423349717
2.882795906439321,-5.5501933465361395,6.247551203209909
2.882795906439321,-5.5501933465361395,9.817429764084848
2.882795906439321,-5.5501933465361395,13.387308324959786
1.7528829725554227,-3.593127649402533,-8.031963040289842
1.7528829725554227,-3.593127649402533,-4.462084479414903
1.7528829725554227,-3.593127649402533,-0.892205918539966
1.7528829725554227,-3.593127649402533,2.6776726423349717
1.7528829725554227,-3.593127649402533,6.247551203209909
1.7528829725554227,-3.593127649402533,9.817429764084848
1.7528829725554227,-3.593127649402533,13.387308324959786
0.6229700386715242,-1.6360619522689264,-8.031963040289842
0.6229700386715242,-1.6360619522689264,-4.462084479414903
0.6229700386715242,-1.6360619522689264,-0.892205918539966
0.6229700386715242,-1.6360619522689264,2.6776726423349717
0.6229700386715242,-1.6360619522689264,6.247551203209909
0.6229700386715242,-1.6360619522689264,9.817429764084848
0.6229700386715242,-1.6360619522689264,13.387308324959786
-0.5069428952123742,0.32100374486468003,-8.031963040289842
-0.5069428952123742,0.32100374486468003,-4.462084479414903
-0.5069428952123742,0.32100374486468003,-0.892205918539966
-0.5069428952123742,0.32100374486468003,2.6776726423349717
-0.5069428952123742,0.32100374486468003,6.247551203209909
-0.5069428952123742,0.32100374486468003,9.817429764084848
-0.5069428952123742,0.32100374486468003,13.387308324959786
-1.636855829096273,2.2780694419982863,-8.031963040289842
-1.636855829096273,2.2780694419982863,-4.462084479414903
-1.636855829096273,2.2780694419982863,-0.892205918539966
-1.636855829096273,2.2780694419982863,2.6776726423349717
-1.636855829096273,2.2780694419982863,6.247551203209909
-1.636855829096273,2.2780694419982863,9.817429764084848
-1.636855829096273,2.2780694419982863,13.387308324959786
-2.7667687629801714,4.235135139131893,-8.031963040289842
-2.7667687629801714,4.235135139131893,-4.462084479414903
-2.7667687629801714,4.235135139131893,-0.892205918539966
-2.7667687629801714,4.235135139131893,2.6776726423349717
-2.7667687629801714,4.235135139131893,6.247551203209909
-2.7667687629801714,4.235135139131893,9.817429764084848
-2.7667687629801714,4.235135139131893,13.387308324959786
-3.8966816968640696,6.1922008362655,-8.031963040289842
-3.8966816968640696,6.1922008362655,-4.462084479414903
-3.8966816968640696,6.1922008362655,-0.892205918539966
-3.8966816968640696,6.1922008362655,2.6776726423349717
-3.8966816968640696,6.1922008362655,6.247551203209909
-3.8966816968640696,6.1922008362655,9.817429764084848
-5.026594630747969,8.149266533399105,-4.462084479414903
-5.026594630747969,8.149266533399105,-0.892205918539966
-5.026594630747969,8.149266533399105,2.6776726423349717
-5.026594630747969,8.149266533399105,6.247551203209909
-5.026594630747969,8.149266533399105,9.817429764084848
-6.156507564631867,10.106332230532711,-0.892205918539966
-6.156507564631867,10.106332230532711,2.6776726423349717
-6.156507564631867,10.106332230532711,6.247551203209909
7.402447641974915,-9.464324740803352,-0.892205918539966
7.402447641974915,-9.464324740803352,2.6776726423349717
7.402447641974915,-9.464324740803352,6.247551203209909
7.402447641974915,-9.464324740803352,9.817429764084848
6.272534708091016,-7.5072590436697455,-4.462084479414903
6.272534708091016,-7.5072590436697455,-0.892205918539966
6.272534708091016,-7.5072590436697455,2.6776726423349717
6.272534708091016,-7.5072590436697455,6.247551203209909
6.272534708091016,-7.5072590436697455,9.817429764084848
5.142621774207118,-5.5501933465361395,-4.462084479414903
5.142621774207118,-5.5501933465361395,-0.892205918539966
5.142621774207118,-5.5501933465361395,2.6776726423349717
5.142621774207118,-5.5501933465361395,6.247551203209909
5.142621774207118,-5.5501933465361395,9.817429764084848
5.142621774207118,-5.5501933465361395,13.387308324959786
4.01270884032322,-3.593127649402533,-8.031963040289842
4.01270884032322,-3.593127649402533,-4.462084479414903
4.01270884032322,-3.593127649402533,-0.892205918539966
4.01270884032322,-3.593127649402533,2.6776726423349717
4.01270884032322,-3.593127649402533,6.247551203209909
4.01270884032322,-3.593127649402533,9.817429764084848
4.01270884032322,-3.593127649402533,13.387308324959786
2.882795906439321,-1.6360619522689264,-8.031963040289842
2.882795906439321,-1.6360619522689264,-4.462084479414903
2.882795906439321,-1.6360619522689264,-0.892205918539966
2.882795906439321,-1.6360619522689264,2.6776726423349717
2.882795906439321,-1.6360619522689264,6.247551203209909
2.882795906439321,-1.6360619522689264,9.817429764084848
2.882795906439321,-1.6360619522689264,13.387308324959786
1.7528829725554227,0.32100374486468003,-8.031963040289842
1.7528829725554227,0.32100374486468003,-4.462084479414903
1.7528829725554227,0.32100374486468003,-0.892205918539966
1.7528829725554227,0.32100374486468003,6.247551203209909
1.7528829725554227,0.32100374486468003,9.817429764084848
1.7528829725554227,0.32100374486468003,13.387308324959786
0.6229700386715242,2.2780694419982863,-8.031963040289842
0.6229700386715242,2.2780694419982863,-4.462084479414903
0.6229700386715242,2.2780694419982863,-0.892205918539966
0.6229700386715242,2.2780694419982863,2.6776726423349717
0.6229700386715242,2.2780694419982863,6.247551203209909
0.6229700386715242,2.2780694419982863,9.817429764084848
0.6229700386715242,2.2780694419982863,13.387308324959786
-0.5069428952123742,4.235135139131893,-8.031963040289842
-0.5069428952123742,4.235135139131893,-4.462084479414903
-0.5069428952123742,4.235135139131893,-0.892205918539966
-0.5069428952123742,4.235135139131893,2.6776726423349717
-0.5069428952123742,4.235135139131893,6.247551203209909
-0.5069428952123742,4.235135139131893,9.817429764084848
-0.5069428952123742,4.235135139131893,13.387308324959786
-1.636855829096273,6.1922008362655,-8.031963040289842
-1.636855829096273,6.1922008362655,-4.462084479414903
-1.636855829096273,6.1922008362655,-0.892205918539966
-1.636855829096273,6.1922008362655,2.6776726423349717
-1.636855829096273,6.1922008362655,6.247551203209909
-1.636855829096273,6.1922008362655,9.817429764084848
-2.7667687629801714,8.149266533399105,-4.462084479414903
-2.7667687629801714,8.149266533399105,-0.892205918539966
-2.7667687629801714,8.149266533399105,2.6776726423349717
-2.7667687629801714,8.149266533399105,6.247551203209909
-2.7667687629801714,8.149266533399105,9.817429764084848
-3.8966816968640696,10.106332230532711,-4.462084479414903
-3.8966816968640696,10.106332230532711,-0.892205918539966
-3.8966816968640696,10.106332230532711,2.6776726423349717
-3.8966816968640696,10.106332230532711,6.247551203209909
9.662273509742713,-9.464324740803352,-0.892205918539966
9.662273509742713,-9.464324740803352,2.6776726423349717
9.662273509742713,-9.464324740803352,6.247551203209909
8.532360575858814,-7.5072590436697455,-4.462084479414903
8.532360575858814,-7.5072590436697455,-0.892205918539966
8.532360575858814,-7.5072590436697455,2.6776726423349717
8.532360575858814,-7.5072590436697455,6.247551203209909
8.532360575858814,-7.5072590436697455,9.817429764084848
7.402447641974915,-5.5501933465361395,-4.462084479414903
7.402447641974915,-5.5501933465361395,-0.892205918539966
7.402447641974915,-5.5501933465361395,2.6776726423349717
7.402447641974915,-5.5501933465361395,6.247551203209909
7.402447641974915,-5.5501933465361395,9.817429764084848
7.402447641974915,-5.5501933465361395,13.387308324959786
6.272534708091016,-3.593127649402533,-8.031963040289842
6.272534708091016,-3.593127649402533,-4.462084479414903
6.272534708091016,-3.593127649402533,-0.892205918539966
6.272534708091016,-3.593127649402533,2.6776726423349717
6.272534708091016,-3.593127649402533,6.247551203209909
6.272534708091016,-3.593127649402533,9.817429764084848
6.272534708091016,-3.593127649402533,13.387308324959786
5.142621774207118,-1.6360619522689264,-8.031963040289842
5.142621774207118,-1.6360619522689264,-4.462084479414903
5.142621774207118,-1.6360619522689264,-0.892205918539966
5.142621774207118,-1.6360619522689264,2.6776726423349717
5.142621774207118,-1.6360619522689264,6.247551203209909
5.142621774207118,-1.6360619522689264,9.817429764084848
5.142621774207118,-1.6360619522689264,13.387308324959786
4.01270884032322,0.32100374486468003,-8.031963040289842
4.01270884032322,0.32100374486468003,-4.462084479414903
4.01270884032322,0.32100374486468003,-0.892205918539966
4.01270884032322,0.32100374486468003,2.6776726423349717
4.01270884032322,0.32100374486468003,6.247551203209909
4.01270884032322,0.32100374486468003,9.817429764084848
4.01270884032322,0.32100374486468003,13.387308324959786
2.882795906439321,2.2780694419982863,-8.031963040289842
2.882795906439321,2.2780694419982863,-4.462084479414903
2.882795906439321,2.2780694419982863,-0.892205918539966
2.882795906439321,2.2780694419982863,2.6776726423349717
2.882795906439321,2.2780694419982863,6.247551203209909
2.882795906439321,2.2780694419982863,9.817429764084848
2.882795906439321,2.2780694419982863,13.387308324959786
1.7528829725554227,4.235135139131893,-8.031963040289842
1.7528829725554227,4.235135139131893,-4.462084479414903
1.7528829725554227,4.235135139131893,-0.892205918539966
1.7528829725554227,4.235135139131893,2.6776726423349717
1.7528829725554227,4.235135139131893,6.247551203209909
1.7528829725554227,4.235135139131893,9.817429764084848
1.7528829725554227,4.235135139131893,13.387308324959786
0.6229700386715242,6.1922008362655,-8.031963040289842
0.6229700386715242,6.1922008362655,-4.462084479414903
0.6229700386715242,6.1922008362655,-0.892205918539966
0.6229700386715242,6.1922008362655,2.6776726423349717
0.6229700386715242,6.1922008362655,6.247551203209909
0.6229700386715242,6.1922008362655,9.817429764084848
0.6229700386715242,6.1922008362655,13.387308324959786
-0.5069428952123742,8.149266533399105,-4.462084479414903
-0.5069428952123742,8.149266533399105,-0.892205918539966
-0.5069428952123742,8.149266533399105,2.6776726423349717
-0.5069428952123742,8.149266533399105,6.247551203209909
-0.5069428952123742,8.149266533399105,9.817429764084848
-1.636855829096273,10.106332230532711,-4.462084479414903
-1.636855829096273,10.106332230532711,-0.892205918539966
-1.636855829096273,10.106332230532711,2.6776726423349717
-1.636855829096273,10.106332230532711,6.247551203209909
10.79218644362661,-7.5072590436697455,-0.892205918539966
10.79218644362661,-7.5072590436697455,2.6776726423349717
10.79218644362661,-7.5072590436697455,6.247551203209909
10.79218644362661,-7.5072590436697455,9.817429764084848
9.662273509742713,-5.5501933465361395,-4.462084479414903
9.662273509742713,-5.5501933465361395,-0.892205918539966
9.662273509742713,-5.5501933465361395,2.6776726423349717
9.662273509742713,-5.5501933465361395,6.247551203209909
9.662273509742713,-5.5501933465361395,9.817429764084848
8.532360575858814,-3.593127649402533,-4.462084479414903
8.532360575858814,-3.593127649402533,-0.892205918539966
8.532360575858814,-3.593127649402533,2.6776726423349717
8.532360575858814,-3.593127649402533,6.247551203209909
8.532360575858814,-3.593127649402533,9.817429764084848
8.532360575858814,-3.593127649402533,13.387308324959786
7.402447641974915,-1.6360619522689264,-8.031963040289842
7.402447641974915,-1.6360619522689264,-4.462084479414903
7.402447641974915,-1.6360619522689264,-0.892205918539966
7.402447641974915,-1.6360619522689264,2.6776726423349717
7.402447641974915,-1.6360619522689264,6.247551203209909
7.402447641974915,-1.6360619522689264,9.817429764084848
7.402447641974915,-1.6360619522689264,13.387308324959786
6.272534708091016,0.32100374486468003,-8.031963040289842
6.272534708091016,0.32100374486468003,-4.462084479414903
6.272534708091016,0.32100374486468003,-0.892205918539966
6.272534708091016,0.32100374486468003,2.6776726423349717
6.272534708091016,0.32100374486468003,6.247551203209909
6.272534708091016,0.32100374486468003,9.817429764084848
6.272534708091016,0.32100374486468003,13.387308324959786
5.142621774207118,2.2780694419982863,-8.031963040289842
5.142621774207118,2.2780694419982863,-4.462084479414903
5.142621774207118,2.2780694419982863,-0.892205918539966
5.142621774207118,2.2780694419982863,2.6776726423349717
5.142621774207118,2.2780694419982863,6.247551203209909
5.142621774207118,2.2780694419982863,9.817429764084848
5.142621774207118,2.2780694419982863,13.387308324959786
4.01270884032322,4.235135139131893,-8.031963040289842
4.01270884032322,4.235135139131893,-4.462084479414903
4.01270884032322,4.235135139131893,-0.892205918539966
4.01270884032322,4.235135139131893,2.6776726423349717
4.01270884032322,4.235135139131893,6.247551203209909
4.01270884032322,4.235135139131893,9.817429764084848
4.01270884032322,4.235135139131893,13.387308324959786
2.882795906439321,6.1922008362655,-8.031963040289842
2.882795906439321,6.1922008362655,-4.462084479414903
2.882795906439321,6.1922008362655,-0.892205918539966
2.882795906439321,6.1922008362655,2.6776726423349717
2.882795906439321,6.1922008362655,6.247551203209909
2.882795906439321,6.1922008362655,9.817429764084848
2.882795906439321,6.1922008362655,13.387308324959786
1.7528829725554227,8.149266533399105,-4.462084479414903
1.7528829725554227,8.149266533399105,-0.892205918539966
1.7528829725554227,8.149266533399105,2.6776726423349717
1.7528829725554227,8.149266533399105,6.247551203209909
1.7528829725554227,8.149266533399105,9.817429764084848
0.6229700386715242,10.106332230532711,-4.462084479414903
0.6229700386715242,10.106332230532711,-0.892205918539966
0.6229700386715242,10.106332230532711,2.6776726423349717
0.6229700386715242,10.106332230532711,6.247551203209909
11.92209937751051,-5.5501933465361395,-0.892205918539966
11.92209937751051,-5.5501933465361395,2.6776726423349717
11.92209937751051,-5.5501933465361395,6.247551203209909
10.79218644362661,-3.593127649402533,-4.462084479414903
10.79218644362661,-3.593127649402533,-0.892205918539966
10.79218644362661,-3.593127649402533,2.6776726423349717
10.79218644362661,-3.593127649402533,6.247551203209909
10.79218644362661,-3.593127649402533,9.817429764084848
9.662273509742713,-1.6360619522689264,-4.462084479414903
9.662273509742713,-1.6360619522689264,-0.892205918539966
9.662273509742713,-1.6360619522689264,2.6776726423349717
9.662273509742713,-1.6360619522689264,6.247551203209909
9.662273509742713,-1.6360619522689264,9.817429764084848
9.662273509742713,-1.6360619522689264,13.387308324959786
8.532360575858814,0.32100374486468003,-4.462084479414903
8.532360575858814,0.32100374486468003,-0.892205918539966
8.532360575858814,0.32100374486468003,2.6776726423349717
8.532360575858814,0.32100374486468003,6.247551203209909
8.532360575858814,0.32100374486468003,9.817429764084848
8.532360575858814,0.32100374486468003,13.387308324959786
7.4024476419749154,2.2780694419982863,-8.031963040289842
7.4024476419749154,2.2780694419982863,-4.462084479414903
7.4024476419749154,2.2780694419982863,-0.892205918539966
7.4024476419749154,2.2780694419982863,2.6776726423349717
7.4024476419749154,2.2780694419982863,6.247551203209909
7.4024476419749154,2.2780694419982863,9.817429764084848
7.4024476419749154,2.2780694419982863,13.387308324959786
6.272534708091017,4.235135139131893,-8.031963040289842
6.272534708091017,4.235135139131893,-4.462084479414903
6.272534708091017,4.235135139131893,-0.892205918539966
6.272534708091017,4.235135139131893,2.6776726423349717
6.272534708091017,4.235135139131893,6.247551203209909
6.272534708091017,4.235135139131893,9.817429764084848
6.272534708091017,4.235135139131893,13.387308324959786
5.142621774207118,6.1922008362655,-8.031963040289842
5.142621774207118,6.1922008362655,-4.462084479414903
5.142621774207118,6.1922008362655,-0.892205918539966
5.142621774207118,6.1922008362655,2.6776726423349717
5.142621774207118,6.1922008362655,6.247551203209909
5.142621774207118,6.1922008362655,9.817429764084848
5.142621774207118,6.1922008362655,13.387308324959786
4.01270884032322,8.149266533399105,-4.462084479414903
4.01270884032322,8.149266533399105,-0.892205918539966
4.01270884032322,8.149266533399105,2.6776726423349717
4.01270884032322,8.149266533399105,6.247551203209909
2.8827959064393216,10.106332230532711,-4.462084479414903
2.8827959064393216,10.106332230532711,-0.892205918539966
2.8827959064393216,10.106332230532711,2.6776726423349717
2.8827959064393216,10.106332230532711,6.247551203209909
13.052012311394407,-3.593127649402533,-0.892205918539966
13.052012311394407,-3.593127649402533,2.6776726423349717
13.052012311394407,-3.593127649402533,6.247551203209909
13.052012311394407,-3.593127649402533,9.817429764084848
11.92209937751051,-1.6360619522689264,-4.462084479414903
11.92209937751051,-1.6360619522689264,-0.892205918539966
11.92209937751051,-1.6360619522689264,2.6776726423349717
11.92209937751051,-1.6360619522689264,6.247551203209909
11.92209937751051,-1.6360619522689264,9.817429764084848
10.79218644362661,0.32100374486468003,-4.462084479414903
10.79218644362661,0.32100374486468003,-0.892205918539966
10.79218644362661,0.32100374486468003,2.6776726423349717
10.79218644362661,0.32100374486468003,6.247551203209909
10.79218644362661,0.32100374486468003,9.817429764084848
9.662273509742713,2.2780694419982863,-4.462084479414903
9.662273509742713,2.2780694419982863,-0.892205918539966
9.662273509742713,2.2780694419982863,2.6776726423349717
9.662273509742713,2.2780694419982863,6.247551203209909
9.662273509742713,2.2780694419982863,9.817429764084848
8.532360575858814,4.235135139131893,-4.462084479414903
8.532360575858814,4.235135139131893,-0.892205918539966
8.532360575858814,4.235135139131893,2.6776726423349717
8.532360575858814,4.235135139131893,6.247551203209909
8.532360575858814,4.235135139131893,9.817429764084848
7.402447641974915,6.1922008362655,-4.462084479414903
7.402447641974915,6.1922008362655,-0.892205918539966
7.402447641974915,6.1922008362655,2.6776726423349717
7.402447641974915,6.1922008362655,6.247551203209909
7.402447641974915,6.1922008362655,9.817429764084848
6.272534708091016,8.149266533399105,-4.462084479414903
6.272534708091016,8.149266533399105,-0.892205918539966
6.272534708091016,8.149266533399105,2.6776726423349717
6.272534708091016,8.149266533399105,6.247551203209909
5.142621774207118,10.106332230532711,-0.892205918539966
5.142621774207118,10.106332230532711,2.6776726423349717
5.142621774207118,10.106332230532711,6.247551203209909
14.181925245278306,-1.6360619522689264,-0.892205918539966
14.181925245278306,-1.6360619522689264,2.6776726423349717
14.181925245278306,-1.6360619522689264,6.247551203209909
13.052012311394407,0.32100374486468003,-0.892205918539966
13.052012311394407,0.32100374486468003,2.6776726423349717
13.052012311394407,0.32100374486468003,6.247551203209909
13.052012311394407,0.32100374486468003,9.817429764084848
11.922099377510508,2.2780694419982863,-0.892205918539966
11.922099377510508,2.2780694419982863,2.6776726423349717
11.922099377510508,2.2780694419982863,6.247551203209909
11.922099377510508,2.2780694419982863,9.817429764084848
10.79218644362661,4.235135139131893,-0.892205918539966
10.79218644362661,4.235135139131893,2.6776726423349717
10.79218644362661,4.235135139131893,6.247551203209909
10.79218644362661,4.235135139131893,9.817429764084848
9.662273509742711,6.1922008362655,-0.892205918539966
9.662273509742711,6.1922008362655,2.6776726423349717
9.662273509742711,6.1922008362655,6.247551203209909
9.662273509742711,6.1922008362655,9.817429764084848
8.532360575858814,8.149266533399105,-0.892205918539966
8.532360575858814,8.149266533399105,2.6776726423349717
8.532360575858814,8.149266533399105,6.247551203209909
-7.402447641974914,-6.192200158317739,-2.6776730943001454
-7.402447641974914,-6.192200158317739,0.8922054665747923
-7.402447641974914,-6.192200158317739,4.46208402744973
-8.532360575858812,-4.235134461184133,-6.247551655175084
-8.532360575858812,-4.235134461184133,-2.6776730943001454
-8.532360575858812,-4.235134461184133,0.8922054665747923
-8.532360575858812,-4.235134461184133,4.46208402744973
-9.662273509742711,-2.278068764050526,-6.247551655175084
-9.662273509742711,-2.278068764050526,-2.6776730943001454
-9.662273509742711,-2.278068764050526,0.8922054665747923
-9.662273509742711,-2.278068764050526,4.46208402744973
-10.792186443626608,-0.3210030669169195,-6.247551655175084
-10.792186443626608,-0.3210030669169195,-2.6776730943001454
-10.792186443626608,-0.3210030669169195,0.8922054665747923
-10.792186443626608,-0.3210030669169195,4.46208402744973
-11.922099377510508,1.636062630216687,-6.247551655175084
-11.922099377510508,1.636062630216687,-2.6776730943001454
-11.922099377510508,1.636062630216687,0.8922054665747923
-11.922099377510508,1.636062630216687,4.46208402744973
-13.052012311394407,3.5931283273502936,-2.6776730943001454
-13.052012311394407,3.5931283273502936,0.8922054665747923
-13.052012311394407,3.5931283273502936,4.46208402744973
-4.012708840323219,-8.149265855451345,-2.6776730943001454
-4.012708840323219,-8.149265855451345,0.8922054665747923
-4.012708840323219,-8.149265855451345,4.46208402744973
-5.142621774207117,-6.192200158317739,-2.6776730943001454
-5.142621774207117,-6.192200158317739,0.8922054665747923
-5.142621774207117,-6.192200158317739,4.46208402744973
-5.142621774207117,-6.192200158317739,8.031962588324667
-6.272534708091015,-4.235134461184133,-6.247551655175084
-6.272534708091015,-4.235134461184133,-2.6776730943001454
-6.272534708091015,-4.235134461184133,0.8922054665747923
-6.272534708091015,-4.235134461184133,4.46208402744973
-6.272534708091015,-4.235134461184133,8.031962588324667
-7.402447641974915,-2.278068764050526,-6.247551655175084
-7.402447641974915,-2.278068764050526,-2.6776730943001454
-7.402447641974915,-2.278068764050526,0.8922054665747923
-7.402447641974915,-2.278068764050526,4.46208402744973
-7.402447641974915,-2.278068764050526,8.031962588324667
-8.532360575858814,-0.3210030669169195,-6.247551655175084
-8.532360575858814,-0.3210030669169195,-2.6776730943001454
-8.532360575858814,-0.3210030669169195,0.8922054665747923
-8.532360575858814,-0.3210030669169195,4.46208402744973
-8.532360575858814,-0.3210030669169195,8.031962588324667
-9.662273509742711,1.636062630216687,-6.247551655175084
-9.662273509742711,1.636062630216687,-2.6776730943001454
-9.662273509742711,1.636062630216687,0.8922054665747923
-9.662273509742711,1.636062630216687,4.46208402744973
-9.662273509742711,1.636062630216687,8.031962588324667
-10.79218644362661,3.5931283273502936,-6.247551655175084
-10.79218644362661,3.5931283273502936,-2.6776730943001454
-10.79218644362661,3.5931283273502936,0.8922054665747923
-10.79218644362661,3.5931283273502936,4.46208402744973
-10.79218644362661,3.5931283273502936,8.031962588324667
-11.922099377510508,5.5501940244839,-6.247551655175084
-11.922099377510508,5.5501940244839,-2.6776730943001454
-11.922099377510508,5.5501940244839,0.8922054665747923
-11.922099377510508,5.5501940244839,4.46208402744973
-1.7528829725554225,-8.149265855451345,-2.6776730943001454
-1.7528829725554225,-8.149265855451345,0.8922054665747923
-1.7528829725554225,-8.149265855451345,4.46208402744973
-1.7528829725554225,-8.149265855451345,8.031962588324667
-2.882795906439321,-6.192200158317739,-2.6776730943001454
-2.882795906439321,-6.192200158317739,0.8922054665747923
-2.882795906439321,-6.192200158317739,4.46208402744973
-2.882795906439321,-6.192200158317739,8.031962588324667
-4.012708840323219,-4.235134461184133,-9.817430216050022
-4.012708840323219,-4.235134461184133,-6.247551655175084
-4.012708840323219,-4.235134461184133,-2.6776730943001454
-4.012708840323219,-4.235134461184133,0.8922054665747923
-4.012708840323219,-4.235134461184133,4.46208402744973
-4.012708840323219,-4.235134461184133,8.031962588324667
-4.012708840323219,-4.235134461184133,11.601841149199606
-5.142621774207118,-2.278068764050526,-9.817430216050022
-5.142621774207118,-2.278068764050526,-6.247551655175084
-5.142621774207118,-2.278068764050526,-2.6776730943001454
-5.142621774207118,-2.278068764050526,0.8922054665747923
-5.142621774207118,-2.278068764050526,4.46208402744973
-5.142621774207118,-2.278068764050526,8.031962588324667
-5.142621774207118,-2.278068764050526,11.601841149199606
-6.272534708091016,-0.3210030669169195,-9.817430216050022
-6.272534708091016,-0.3210030669169195,-6.247551655175084
-6.272534708091016,-0.3210030669169195,-2.6776730943001454
-6.272534708091016,-0.3210030669169195,0.8922054665747923
-6.272534708091016,-0.3210030669169195,4.46208402744973
-6.272534708091016,-0.3210030669169195,8.031962588324667
-6.272534708091016,-0.3210030669169195,11.601841149199606
-7.402447641974915,1.636062630216687,-9.817430216050022
-7.402447641974915,1.636062630216687,-6.247551655175084
-7.402447641974915,1.636062630216687,-2.6776730943001454
-7.402447641974915,1.636062630216687,0.8922054665747923
-7.402447641974915,1.636062630216687,4.46208402744973
-7.402447641974915,1.636062630216687,8.031962588324667
-8.532360575858814,3.5931283273502936,-9.817430216050022
-8.532360575858814,3.5931283273502936,-6.247551655175084
-8.532360575858814,3.5931283273502936,-2.6776730943001454
-8.532360575858814,3.5931283273502936,0.8922054665747923
-8.532360575858814,3.5931283273502936,4.46208402744973
-8.532360575858814,3.5931283273502936,8.031962588324667
-9.662273509742711,5.5501940244839,-6.247551655175084
-9.662273509742711,5.5501940244839,-2.6776730943001454
-9.662273509742711,5.5501940244839,0.8922054665747923
-9.662273509742711,5.5501940244839,4.46208402744973
-9.662273509742711,5.5501940244839,8.031962588324667
-10.79218644362661,7.5072597216175065,-2.6776730943001454
-10.79218644362661,7.5072597216175065,0.8922054665747923
-10.79218644362661,7.5072597216175065,4.46208402744973
0.5069428952123748,-8.149265855451345,-2.6776730943001454
0.5069428952123748,-8.149265855451345,0.8922054665747923
0.5069428952123748,-8.149265855451345,4.46208402744973
0.5069428952123748,-8.149265855451345,8.031962588324667
-0.6229700386715237,-6.192200158317739,-6.247551655175084
-0.6229700386715237,-6.192200158317739,-2.6776730943001454
-0.6229700386715237,-6.192200158317739,0.8922054665747923
-0.6229700386715237,-6.192200158317739,4.46208402744973
-0.6229700386715237,-6.192200158317739,8.031962588324667
-1.752882972555422,-4.235134461184133,-9.817430216050022
-1.752882972555422,-4.235134461184133,-6.247551655175084
-1.752882972555422,-4.235134461184133,-2.6776730943001454
-1.752882972555422,-4.235134461184133,0.8922054665747923
-1.752882972555422,-4.235134461184133,4.46208402744973
-1.752882972555422,-4.235134461184133,8.031962588324667
-1.752882972555422,-4.235134461184133,11.601841149199606
-2.8827959064393207,-2.278068764050526,-9.817430216050022
-2.8827959064393207,-2.278068764050526,-6.247551655175084
-2.8827959064393207,-2.278068764050526,-2.6776730943001454
-2.8827959064393207,-2.278068764050526,0.8922054665747923
-2.8827959064393207,-2.278068764050526,4.46208402744973
-2.8827959064393207,-2.278068764050526,8.031962588324667
-2.8827959064393207,-2.278068764050526,11.601841149199606
-4.012708840323219,-0.3210030669169195,-9.817430216050022
-4.012708840323219,-0.3210030669169195,-6.247551655175084
-4.012708840323219,-0.3210030669169195,-2.6776730943001454
-4.012708840323219,-0.3210030669169195,0.8922054665747923
-4.012708840323219,-0.3210030669169195,4.46208402744973
-4.012708840323219,-0.3210030669169195,8.031962588324667
-4.012708840323219,-0.3210030669169195,11.601841149199606
-5.142621774207117,1.636062630216687,-9.817430216050022
-5.142621774207117,1.636062630216687,-6.247551655175084
-5.142621774207117,1.636062630216687,-2.6776730943001454
-5.142621774207117,1.636062630216687,0.8922054665747923
-5.142621774207117,1.636062630216687,4.46208402744973
-5.142621774207117,1.636062630216687,8.031962588324667
-5.142621774207117,1.636062630216687,11.601841149199606
-6.272534708091015,3.5931283273502936,-9.817430216050022
-6.272534708091015,3.5931283273502936,-6.247551655175084
-6.272534708091015,3.5931283273502936,-2.6776730943001454
-6.272534708091015,3.5931283273502936,0.8922054665747923
-6.272534708091015,3.5931283273502936,4.46208402744973
-6.272534708091015,3.5931283273502936,8.031962588324667
-6.272534708091015,3.5931283273502936,11.601841149199606
-7.402447641974915,5.5501940244839,-9.817430216050022
-7.402447641974915,5.5501940244839,-6.247551655175084
-7.402447641974915,5.5501940244839,-2.6776730943001454
-7.402447641974915,5.5501940244839,0.8922054665747923
-7.402447641974915,5.5501940244839,4.46208402744973
-7.402447641974915,5.5501940244839,8.031962588324667
-8.532360575858814,7.5072597216175065,-6.247551655175084
-8.532360575858814,7.5072597216175065,-2.6776730943001454
-8.532360575858814,7.5072597216175065,0.8922054665747923
-8.532360575858814,7.5072597216175065,4.46208402744973
-8.532360575858814,7.5072597216175065,8.031962588324667
-9.662273509742711,9.464325418751113,-6.247551655175084
-9.662273509742711,9.464325418751113,-2.6776730943001454
-9.662273509742711,9.464325418751113,0.8922054665747923
-9.662273509742711,9.464325418751113,4.46208402744973
2.766768762980172,-8.149265855451345,-2.6776730943001454
2.766768762980172,-8.149265855451345,0.8922054665747923
2.766768762980172,-8.149265855451345,4.46208402744973
2.766768762980172,-8.149265855451345,8.031962588324667
1.6368558290962731,-6.192200158317739,-6.247551655175084
1.6368558290962731,-6.192200158317739,-2.6776730943001454
1.6368558290962731,-6.192200158317739,0.8922054665747923
1.6368558290962731,-6.192200158317739,4.46208402744973
1.6368558290962731,-6.192200158317739,8.031962588324667
0.5069428952123748,-4.235134461184133,-9.817430216050022
0.5069428952123748,-4.235134461184133,-6.247551655175084
0.5069428952123748,-4.235134461184133,-2.6776730943001454
0.5069428952123748,-4.235134461184133,0.8922054665747923
0.5069428952123748,-4.235134461184133,4.46208402744973
0.5069428952123748,-4.235134461184133,8.031962588324667
0.5069428952123748,-4.235134461184133,11.601841149199606
-0.6229700386715237,-2.278068764050526,-9.817430216050022
-0.6229700386715237,-2.278068764050526,-6.247551655175084
-0.6229700386715237,-2.278068764050526,-2.6776730943001454
-0.6229700386715237,-2.278068764050526,0.8922054665747923
-0.6229700386715237,-2.278068764050526,4.46208402744973
-0.6229700386715237,-2.278068764050526,8.031962588324667
-0.6229700386715237,-2.278068764050526,11.601841149199606
-1.752882972555422,-0.3210030669169195,-9.817430216050022
-1.752882972555422,-0.3210030669169195,-6.247551655175084
-1.752882972555422,-0.3210030669169195,-2.6776730943001454
-1.752882972555422,-0.3210030669169195,0.8922054665747923
-1.752882972555422,-0.3210030669169195,4.46208402744973
-1.752882972555422,-0.3210030669169195,8.031962588324667
-1.752882972555422,-0.3210030669169195,11.601841149199606
-2.8827959064393207,1.636062630216687,-9.817430216050022
-2.8827959064393207,1.636062630216687,-6.247551655175084
-2.8827959064393207,1.636062630216687,-2.6776730943001454
-2.8827959064393207,1.636062630216687,0.8922054665747923
-2.8827959064393207,1.636062630216687,4.46208402744973
-2.8827959064393207,1.636062630216687,8.031962588324667
-2.8827959064393207,1.636062630216687,11.601841149199606
-4.012708840323219,3.5931283273502936,-9.817430216050022
-4.012708840323219,3.5931283273502936,-6.247551655175084
-4.012708840323219,3.5931283273502936,-2.6776730943001454
-4.012708840323219,3.5931283273502936,0.8922054665747923
-4.012708840323219,3.5931283273502936,4.46208402744973
-4.012708840323219,3.5931283273502936,8.031962588324667
-4.012708840323219,3.5931283273502936,11.601841149199606
-5.142621774207117,5.5501940244839,-9.817430216050022
-5.142621774207117,5.5501940244839,-6.247551655175084
-5.142621774207117,5.5501940244839,-2.6776730943001454
-5.142621774207117,5.5501940244839,0.8922054665747923
-5.142621774207117,5.5501940244839,4.46208402744973
-5.142621774207117,5.5501940244839,8.031962588324667
-5.142621774207117,5.5501940244839,11.601841149199606
-6.272534708091015,7.5072597216175065,-9.817430216050022
-6.272534708091015,7.5072597216175065,-6.247551655175084
-6.272534708091015,7.5072597216175065,-2.6776730943001454
-6.272534708091015,7.5072597216175065,0.8922054665747923
-6.272534708091015,7.5072597216175065,4.46208402744973
-6.272534708091015,7.5072597216175065,8.031962588324667
-7.402447641974915,9.464325418751113,-6.247551655175084
-7.402447641974915,9.464325418751113,-2.6776730943001454
-7.402447641974915,9.464325418751113,0.8922054665747923
-7.402447641974915,9.464325418751113,4.46208402744973
-7.402447641974915,9.464325418751113,8.031962588324667
-8.532360575858814,11.421391115884719,-2.6776730943001454
-8.532360575858814,11.421391115884719,0.8922054665747923
-8.532360575858814,11.421391115884719,4.46208402744973
5.026594630747969,-8.149265855451345,-2.6776730943001454
5.026594630747969,-8.149265855451345,0.8922054665747923
5.026594630747969,-8.149265855451345,4.46208402744973
5.026594630747969,-8.149265855451345,8.031962588324667
3.89668169686407,-6.192200158317739,-6.247551655175084
3.89668169686407,-6.192200158317739,-2.6776730943001454
3.89668169686407,-6.192200158317739,0.8922054665747923
3.89668169686407,-6.192200158317739,4.46208402744973
3.89668169686407,-6.192200158317739,8.031962588324667
2.766768762980172,-4.235134461184133,-6.247551655175084
2.766768762980172,-4.235134461184133,-2.6776730943001454
2.766768762980172,-4.235134461184133,0.8922054665747923
2.766768762980172,-4.235134461184133,4.46208402744973
2.766768762980172,-4.235134461184133,8.031962588324667
2.766768762980172,-4.235134461184133,11.601841149199606
1.6368558290962731,-2.278068764050526,-9.817430216050022
1.6368558290962731,-2.278068764050526,-6.247551655175084
1.6368558290962731,-2.278068764050526,-2.6776730943001454
1.6368558290962731,-2.278068764050526,0.8922054665747923
1.6368558290962731,-2.278068764050526,4.46208402744973
1.6368558290962731,-2.278068764050526,8.031962588324667
1.6368558290962731,-2.278068764050526,11.601841149199606
0.5069428952123748,-0.3210030669169195,-9.817430216050022
0.5069428952123748,-0.3210030669169195,-6.247551655175084
0.5069428952123748,-0.3210030669169195,-2.6776730943001454
0.5069428952123748,-0.3210030669169195,0.8922054665747923
0.5069428952123748,-0.3210030669169195,4.46208402744973
0.5069428952123748,-0.3210030669169195,8.031962588324667
0.5069428952123748,-0.3210030669169195,11.601841149199606
-0.6229700386715237,1.636062630216687,-9.817430216050022
-0.6229700386715237,1.636062630216687,-6.247551655175084
-0.6229700386715237,1.636062630216687,-2.6776730943001454
-0.6229700386715237,1.636062630216687,4.46208402744973
-0.6229700386715237,1.636062630216687,8.031962588324667
-0.6229700386715237,1.636062630216687,11.601841149199606
-1.752882972555422,3.5931283273502936,-9.817430216050022
-1.752882972555422,3.5931283273502936,-6.247551655175084
-1.752882972555422,3.5931283273502936,-2.6776730943001454
-1.752882972555422,3.5931283273502936,0.8922054665747923
-1.752882972555422,3.5931283273502936,4.46208402744973
-1.752882972555422,3.5931283273502936,8.031962588324667
-1.752882972555422,3.5931283273502936,11.601841149199606
-2.8827959064393207,5.5501940244839,-9.817430216050022
-2.8827959064393207,5.5501940244839,-6.247551655175084
-2.8827959064393207,5.5501940244839,-2.6776730943001454
-2.8827959064393207,5.5501940244839,0.8922054665747923
-2.8827959064393207,5.5501940244839,4.46208402744973
-2.8827959064393207,5.5501940244839,8.031962588324667
-2.8827959064393207,5.5501940244839,11.601841149199606
-4.012708840323219,7.5072597216175065,-9.817430216050022
-4.012708840323219,7.5072597216175065,-6.247551655175084
-4.012708840323219,7.5072597216175065,-2.6776730943001454
-4.012708840323219,7.5072597216175065,0.8922054665747923
-4.012708840323219,7.5072597216175065,4.46208402744973
-4.012708840323219,7.5072597216175065,8.031962588324667
-5.142621774207117,9.464325418751113,-6.247551655175084
-5.142621774207117,9.464325418751113,-2.6776730943001454
-5.142621774207117,9.464325418751113,0.8922054665747923
-5.142621774207117,9.464325418751113,4.46208402744973
-5.142621774207117,9.464325418751113,8.031962588324667
-6.272534708091015,11.421391115884719,-6.247551655175084
-6.272534708091015,11.421391115884719,-2.6776730943001454
-6.272534708091015,11.421391115884719,0.8922054665747923
-6.272534708091015,11.421391115884719,4.46208402744973
7.286420498515766,-8.149265855451345,-2.6776730943001454
7.286420498515766,-8.149265855451345,0.8922054665747923
7.286420498515766,-8.149265855451345,4.46208402744973
6.156507564631868,-6.192200158317739,-6.247551655175084
6.156507564631868,-6.192200158317739,-2.6776730943001454
6.156507564631868,-6.192200158317739,0.8922054665747923
6.156507564631868,-6.192200158317739,4.46208402744973
6.156507564631868,-6.192200158317739,8.031962588324667
5.026594630747969,-4.235134461184133,-6.247551655175084
5.026594630747969,-4.235134461184133,-2.6776730943001454
5.026594630747969,-4.235134461184133,0.8922054665747923
5.026594630747969,-4.235134461184133,4.46208402744973
5.026594630747969,-4.235134461184133,8.031962588324667
5.026594630747969,-4.235134461184133,11.601841149199606
3.89668169686407,-2.278068764050526,-9.817430216050022
3.89668169686407,-2.278068764050526,-6.247551655175084
3.89668169686407,-2.278068764050526,-2.6776730943001454
3.89668169686407,-2.278068764050526,0.8922054665747923
3.89668169686407,-2.278068764050526,4.46208402744973
3.89668169686407,-2.278068764050526,8.031962588324667
3.89668169686407,-2.278068764050526,11.601841149199606
2.766768762980172,-0.3210030669169195,-9.817430216050022
2.766768762980172,-0.3210030669169195,-6.247551655175084
2.766768762980172,-0.3210030669169195,-2.6776730943001454
2.766768762980172,-0.3210030669169195,0.8922054665747923
2.766768762980172,-0.3210030669169195,4.46208402744973
2.766768762980172,-0.3210030669169195,8.031962588324667
2.766768762980172,-0.3210030669169195,11.601841149199606
1.6368558290962731,1.636062630216687,-9.817430216050022
1.6368558290962731,1.636062630216687,-6.247551655175084
1.6368558290962731,1.636062630216687,-2.6776730943001454
1.6368558290962731,1.636062630216687,0.8922054665747923
1.6368558290962731,1.636062630216687,4.46208402744973
1.6368558290962731,1.636062630216687,8.031962588324667
1.6368558290962731,1.636062630216687,11.601841149199606
0.5069428952123748,3.5931283273502936,-9.817430216050022
0.5069428952123748,3.5931283273502936,-6.247551655175084
0.5069428952123748,3.5931283273502936,-2.6776730943001454
0.5069428952123748,3.5931283273502936,0.8922054665747923
0.5069428952123748,3.5931283273502936,4.46208402744973
0.5069428952123748,3.5931283273502936,8.031962588324667
0.5069428952123748,3.5931283273502936,11.601841149199606
-0.6229700386715237,5.5501940244839,-9.817430216050022
-0.6229700386715237,5.5501940244839,-6.247551655175084
-0.6229700386715237,5.5501940244839,-2.6776730943001454
-0.6229700386715237,5.5501940244839,0.8922054665747923
-0.6229700386715237,5.5501940244839,4.46208402744973
-0.6229700386715237,5.5501940244839,8.031962588324667
-0.6229700386715237,5.5501940244839,11.601841149199606
-1.752882972555422,7.5072597216175065,-9.817430216050022
-1.752882972555422,7.5072597216175065,-6.247551655175084
-1.752882972555422,7.5072597216175065,-2.6776730943001454
-1.752882972555422,7.5072597216175065,0.8922054665747923
-1.752882972555422,7.5072597216175065,4.46208402744973
-1.752882972555422,7.5072597216175065,8.031962588324667
-1.752882972555422,7.5072597216175065,11.601841149199606
-2.8827959064393207,9.464325418751113,-6.247551655175084
-2.8827959064393207,9.464325418751113,-2.6776730943001454
-2.8827959064393207,9.464325418751113,0.8922054665747923
-2.8827959064393207,9.464325418751113,4.46208402744973
-2.8827959064393207,9.464325418751113,8.031962588324667
-4.012708840323219,11.421391115884719,-6.247551655175084
-4.012708840323219,11.421391115884719,-2.6776730943001454
-4.012708840323219,11.421391115884719,0.8922054665747923
-4.012708840323219,11.421391115884719,4.46208402744973
8.416333432399664,-6.192200158317739,-2.6776730943001454
8.416333432399664,-6.192200158317739,0.8922054665747923
8.416333432399664,-6.192200158317739,4.46208402744973
8.416333432399664,-6.192200158317739,8.031962588324667
7.286420498515766,-4.235134461184133,-6.247551655175084
7.286420498515766,-4.235134461184133,-2.6776730943001454
7.286420498515766,-4.235134461184133,0.8922054665747923
7.286420498515766,-4.235134461184133,4.46208402744973
7.286420498515766,-4.235134461184133,8.031962588324667
6.156507564631868,-2.278068764050526,-6.247551655175084
6.156507564631868,-2.278068764050526,-2.6776730943001454
6.156507564631868,-2.278068764050526,0.8922054665747923
6.156507564631868,-2.278068764050526,4.46208402744973
6.156507564631868,-2.278068764050526,8.031962588324667
6.156507564631868,-2.278068764050526,11.601841149199606
5.026594630747969,-0.3210030669169195,-9.817430216050022
5.026594630747969,-0.3210030669169195,-6.247551655175084
5.026594630747969,-0.3210030669169195,-2.6776730943001454
5.026594630747969,-0.3210030669169195,0.8922054665747923
5.026594630747969,-0.3210030669169195,4.46208402744973
5.026594630747969,-0.3210030669169195,8.031962588324667
5.026594630747969,-0.3210030669169195,11.601841149199606
3.89668169686407,1.636062630216687,-9.817430216050022
3.89668169686407,1.636062630216687,-6.247551655175084
3.89668169686407,1.636062630216687,-2.6776730943001454
3.89668169686407,1.636062630216687,0.8922054665747923
3.89668169686407,1.636062630216687,4.46208402744973
3.89668169686407,1.636062630216687,8.031962588324667
3.89668169686407,1.636062630216687,11.601841149199606
2.766768762980172,3.5931283273502936,-9.817430216050022
2.766768762980172,3.5931283273502936,-6.247551655175084
2.766768762980172,3.5931283273502936,-2.6776730943001454
2.766768762980172,3.5931283273502936,0.8922054665747923
2.766768762980172,3.5931283273502936,4.46208402744973
2.766768762980172,3.5931283273502936,8.031962588324667
2.766768762980172,3.5931283273502936,11.601841149199606
1.6368558290962731,5.5501940244839,-9.817430216050022
1.6368558290962731,5.5501940244839,-6.247551655175084
1.6368558290962731,5.5501940244839,-2.6776730943001454
1.6368558290962731,5.5501940244839,0.8922054665747923
1.6368558290962731,5.5501940244839,4.46208402744973
1.6368558290962731,5.5501940244839,8.031962588324667
1.6368558290962731,5.5501940244839,11.601841149199606
0.5069428952123748,7.5072597216175065,-9.817430216050022
0.5069428952123748,7.5072597216175065,-6.247551655175084
0.5069428952123748,7.5072597216175065,-2.6776730943001454
0.5069428952123748,7.5072597216175065,0.8922054665747923
0.5069428952123748,7.5072597216175065,4.46208402744973
0.5069428952123748,7.5072597216175065,8.031962588324667
0.5069428952123748,7.5072597216175065,11.601841149199606
-0.6229700386715237,9.464325418751113,-6.247551655175084
-0.6229700386715237,9.464325418751113,-2.6776730943001454
-0.6229700386715237,9.464325418751113,0.8922054665747923
-0.6229700386715237,9.464325418751113,4.46208402744973
-0.6229700386715237,9.464325418751113,8.031962588324667
-1.752882972555422,11.421391115884719,-6.247551655175084
-1.752882972555422,11.421391115884719,-2.6776730943001454
-1.752882972555422,11.421391115884719,0.8922054665747923
-1.752882972555422,11.421391115884719,4.46208402744973
9.546246366283563,-4.235134461184133,-2.6776730943001454
9.546246366283563,-4.235134461184133,0.8922054665747923
9.546246366283563,-4.235134461184133,4.46208402744973
9.546246366283563,-4.235134461184133,8.031962588324667
8.416333432399664,-2.278068764050526,-6.247551655175084
8.416333432399664,-2.278068764050526,-2.6776730943001454
8.416333432399664,-2.278068764050526,0.8922054665747923
8.416333432399664,-2.278068764050526,4.46208402744973
8.416333432399664,-2.278068764050526,8.031962588324667
7.286420498515766,-0.3210030669169195,-6.247551655175084
7.286420498515766,-0.3210030669169195,-2.6776730943001454
7.286420498515766,-0.3210030669169195,0.8922054665747923
7.286420498515766,-0.3210030669169195,4.46208402744973
7.286420498515766,-0.3210030669169195,8.031962588324667
7.286420498515766,-0.3210030669169195,11.601841149199606
6.156507564631868,1.636062630216687,-6.247551655175084
6.156507564631868,1.636062630216687,-2.6776730943001454
6.156507564631868,1.636062630216687,0.8922054665747923
6.156507564631868,1.636062630216687,4.46208402744973
6.156507564631868,1.636062630216687,8.031962588324667
6.156507564631868,1.636062630216687,11.601841149199606
5.02659463074797,3.5931283273502936,-9.817430216050022
5.02659463074797,3.5931283273502936,-6.247551655175084
5.02659463074797,3.5931283273502936,-2.6776730943001454
5.02659463074797,3.5931283273502936,0.8922054665747923
5.02659463074797,3.5931283273502936,4.46208402744973
5.02659463074797,3.5931283273502936,8.031962588324667
5.02659463074797,3.5931283273502936,11.601841149199606
3.896681696864071,5.5501940244839,-9.817430216050022
3.896681696864071,5.5501940244839,-6.247551655175084
3.896681696864071,5.5501940244839,-2.6776730943001454
3.896681696864071,5.5501940244839,0.8922054665747923
3.896681696864071,5.5501940244839,4.46208402744973
3.896681696864071,5.5501940244839,8.031962588324667
3.896681696864071,5.5501940244839,11.601841149199606
2.766768762980172,7.5072597216175065,-9.817430216050022
2.766768762980172,7.5072597216175065,-6.247551655175084
2.766768762980172,7.5072597216175065,-2.6776730943001454
2.766768762980172,7.5072597216175065,0.8922054665747923
2.766768762980172,7.5072597216175065,4.46208402744973
2.766768762980172,7.5072597216175065,8.031962588324667
2.766768762980172,7.5072597216175065,11.601841149199606
1.6368558290962736,9.464325418751113,-6.247551655175084
1.6368558290962736,9.464325418751113,-2.6776730943001454
1.6368558290962736,9.464325418751113,0.8922054665747923
1.6368558290962736,9.464325418751113,4.46208402744973
1.6368558290962736,9.464325418751113,8.031962588324667
0.5069428952123752,11.421391115884719,-6.247551655175084
0.5069428952123752,11.421391115884719,-2.6776730943001454
0.5069428952123752,11.421391115884719,0.8922054665747923
0.5069428952123752,11.421391115884719,4.46208402744973
10.67615930016746,-2.278068764050526,-2.6776730943001454
10.67615930016746,-2.278068764050526,0.8922054665747923
10.67615930016746,-2.278068764050526,4.46208402744973
10.67615930016746,-2.278068764050526,8.031962588324667
9.546246366283563,-0.3210030669169195,-6.247551655175084
9.546246366283563,-0.3210030669169195,-2.6776730943001454
9.546246366283563,-0.3210030669169195,0.8922054665747923
9.546246366283563,-0.3210030669169195,4.46208402744973
9.546246366283563,-0.3210030669169195,8.031962588324667
8.416333432399664,1.636062630216687,-6.247551655175084
8.416333432399664,1.636062630216687,-2.6776730943001454
8.416333432399664,1.636062630216687,0.8922054665747923
8.416333432399664,1.636062630216687,4.46208402744973
8.416333432399664,1.636062630216687,8.031962588324667
7.286420498515766,3.5931283273502936,-6.247551655175084
7.286420498515766,3.5931283273502936,-2.6776730943001454
7.286420498515766,3.5931283273502936,0.8922054665747923
7.286420498515766,3.5931283273502936,4.46208402744973
7.286420498515766,3.5931283273502936,8.031962588324667
6.156507564631868,5.5501940244839,-6.247551655175084
6.156507564631868,5.5501940244839,-2.6776730943001454
6.156507564631868,5.5501940244839,0.8922054665747923
6.156507564631868,5.5501940244839,4.46208402744973
6.156507564631868,5.5501940244839,8.031962588324667
5.026594630747969,7.5072597216175065,-2.6776730943001454
5.026594630747969,7.5072597216175065,0.8922054665747923
5.026594630747969,7.5072597216175065,4.46208402744973
5.026594630747969,7.5072597216175065,8.031962588324667
3.89668169686407,9.464325418751113,-2.6776730943001454
3.89668169686407,9.464325418751113,0.8922054665747923
3.89668169686407,9.464325418751113,4.46208402744973
3.89668169686407,9.464325418751113,8.031962588324667
2.766768762980172,11.421391115884719,-2.6776730943001454
2.766768762980172,11.421391115884719,0.8922054665747923
2.766768762980172,11.421391115884719,4.46208402744973
11.80607223405136,-0.3210030669169195,-2.6776730943001454
11.80607223405136,-0.3210030669169195,0.8922054665747923
11.80607223405136,-0.3210030669169195,4.46208402744973
10.67615930016746,1.636062630216687,-2.6776730943001454
10.67615930016746,1.636062630216687,0.8922054665747923
10.67615930016746,1.636062630216687,4.46208402744973
10.67615930016746,1.636062630216687,8.031962588324667
9.546246366283562,3.5931283273502936,-2.6776730943001454
9.546246366283562,3.5931283273502936,0.8922054665747923
9.546246366283562,3.5931283273502936,4.46208402744973
9.546246366283562,3.5931283273502936,8.031962588324667
8.416333432399664,5.5501940244839,-2.6776730943001454
8.416333432399664,5.5501940244839,0.8922054665747923
8.416333432399664,5.5501940244839,4.46208402744973
8.416333432399664,5.5501940244839,8.031962588324667
7.286420498515765,7.5072597216175065,-2.6776730943001454
7.286420498515765,7.5072597216175065,0.8922054665747923
7.286420498515765,7.5072597216175065,4.46208402744973
7.286420498515765,7.5072597216175065,8.031962588324667
6.156507564631867,9.464325418751113,-2.6776730943001454
6.156507564631867,9.464325418751113,0.8922054665747923
6.156507564631867,9.464325418751113,4.46208402744973
1.7528829725554227,0.32100374486468003,2.6776726423349717
-0.6229700386715237,1.636062630216687,0.8922054665747923